0: 16.0 15.3 15.5 -135.20138101775402 -85.52615360934277 -135.201381372631 -85.52615346746431
1: 16.0 15.3 15.5 -135.20138101775402 -85.52615360934277 -135.201381372631 -85.52615346746431
2: 16.0 15.3 15.5 -135.20138101775402 -85.52615360934277 -135.201381372631 -85.52615346746431
3: 16.0 15.3 15.5 -135.20138101775402 -85.52615360934277 -135.201381372631 -85.52615346746431
4: 16.0 15.3 15.5 -135.20138101775402 -85.52615360934277 -135.201381372631 -85.52615346746431
5: 16.0 15.3 15.5 -135.20138101775402 -85.52615360934277 -135.201381372631 -85.52615346746431
6: 16.0 15.3 15.5 -135.20138101775402 -85.52615360934277 -135.201381372631 -85.52615346746431
7: 16.0 15.3 15.5 -135.20138101775402 -85.52615360934277 -135.201381372631 -85.52615346746431
8: 16.0 17.2 18.0 -135.201381372631 -85.52615346746431 -135.20138035758453 -85.52615365663449
9: 16.0 17.2 18.0 -135.201381372631 -85.52615346746431 -135.20138035758453 -85.52615365663449
10: 16.0 17.2 18.0 -135.201381372631 -85.52615346746431 -135.20138035758453 -85.52615365663449
11: 16.0 17.2 18.0 -135.201381372631 -85.52615346746431 -135.20138035758453 -85.52615365663449
12: 16.0 17.2 18.0 -135.201381372631 -85.52615346746431 -135.20138035758453 -85.52615365663449
13: 16.0 17.2 18.0 -135.201381372631 -85.52615346746431 -135.20138035758453 -85.52615365663449
14: 16.0 17.2 18.0 -135.201381372631 -85.52615346746431 -135.20138035758453 -85.52615365663449
15: 16.0 17.2 18.0 -135.201381372631 -85.52615346746431 -135.20138035758453 -85.52615365663449
16: 16.0 20.4 21.05 -135.20138090485682 -85.52615361613447 -135.2013818789796 -85.52615358869242
17: 16.0 21.22 21.4 -135.20138206125577 -85.52615362209447 -135.20138090485682 -85.52615361613447
18: 16.0 9.0 9.2 -135.20137910467028 -85.52615374126233 -135.20137964385768 -85.52615370212531
19: 16.0 13.2 13.4 -135.2013779291366 -85.52615369660347 -135.20137715374747 -85.5261536724022
20: 16.0 13.2 13.4 -135.2013779291366 -85.52615369660347 -135.20137715374747 -85.5261536724022
21: 16.0 13.2 13.4 -135.2013779291366 -85.52615369660347 -135.20137715374747 -85.5261536724022
22: 16.0 5.2 5.4 -135.20137715374747 -85.5261536724022 -135.2013779291366 -85.52615369660347
23: 16.0 5.2 5.4 -135.20137715374747 -85.5261536724022 -135.2013779291366 -85.52615369660347
24: 16.0 5.2 5.4 -135.20137715374747 -85.5261536724022 -135.2013779291366 -85.52615369660347
25: 16.0 13.2 13.4 -135.2013779291366 -85.52615369660347 -135.20137715374747 -85.5261536724022
26: 16.0 13.2 13.4 -135.2013779291366 -85.52615369660347 -135.20137715374747 -85.5261536724022
27: 16.0 13.2 13.4 -135.2013779291366 -85.52615369660347 -135.20137715374747 -85.5261536724022
28: 16.0 6.3 6.55 -135.20137476158715 -85.52615355534984 -135.20137314818274 -85.5261534708139
29: 16.0 8.3 9.0 -135.20138126296777 -85.52615293829776 -135.20138365418484 -85.52615304848487
30: 16.0 10.0 10.4 -135.20138365418484 -85.52615304848487 -135.20138126296777 -85.52615293829776
31: 16.0 18.15 18.3 -135.20138458041697 -85.52615331799335 -135.2013843475769 -85.52615323795614
32: 16.0 17.3 19.0 -135.20138265192298 -85.52615363354995 -135.2013846311011 -85.52615323037614
33: 16.0 7.3 7.45 -135.2013844200089 -85.52615324194804 -135.20138580200333 -85.52615321153044
34: 16.0 18.0 18.15 -135.20138580200333 -85.52615321153044 -135.2013844200089 -85.52615324194804
35: 16.0 8.0 8.2 -135.20138456571712 -85.52615314745046 -135.20138545588864 -85.5261532266525
36: 16.0 7.3 7.48 -135.20138543372363 -85.52615385088589 -135.2013864058581 -85.52615393376512
37: 16.0 18.2 18.38 -135.2013864058581 -85.52615393376512 -135.20138543372363 -85.52615385088589
38: 16.0 6.3 7.0 -135.2013931640634 -85.52615482538914 -135.20139372434943 -85.52615483217589
39: 16.0 6.3 7.0 -135.2013931640634 -85.52615482538914 -135.20139372434943 -85.52615483217589
40: 16.0 6.3 7.0 -135.2013931640634 -85.52615482538914 -135.20139372434943 -85.52615483217589
41: 16.0 6.3 7.0 -135.2013931640634 -85.52615482538914 -135.20139372434943 -85.52615483217589
42: 16.0 6.3 7.0 -135.2013931640634 -85.52615482538914 -135.20139372434943 -85.52615483217589
43: 16.0 6.3 7.0 -135.2013931640634 -85.52615482538914 -135.20139372434943 -85.52615483217589
44: 16.0 6.3 7.0 -135.2013931640634 -85.52615482538914 -135.20139372434943 -85.52615483217589
45: 16.0 6.3 7.0 -135.2013931640634 -85.52615482538914 -135.20139372434943 -85.52615483217589
46: 16.0 20.3 20.55 -135.20137886492034 -85.52615410938468 -135.20137949915107 -85.52615415020527
47: 16.0 20.3 20.55 -135.20137886492034 -85.52615410938468 -135.20137949915107 -85.52615415020527
48: 16.0 22.2 22.45 -135.20137949915107 -85.52615415020527 -135.20137886492034 -85.52615410938468
49: 16.0 22.2 22.45 -135.20137949915107 -85.52615415020527 -135.20137886492034 -85.52615410938468
50: 16.0 20.3 20.55 -135.20137886492034 -85.52615410938468 -135.20137949915107 -85.52615415020527
51: 16.0 20.3 20.55 -135.20137886492034 -85.52615410938468 -135.20137949915107 -85.52615415020527
52: 16.0 20.3 20.55 -135.20137886492034 -85.52615410938468 -135.20137949915107 -85.52615415020527
53: 16.0 20.3 20.55 -135.20137886492034 -85.52615410938468 -135.20137949915107 -85.52615415020527
54: 16.0 22.2 22.45 -135.20137949915107 -85.52615415020527 -135.20137886492034 -85.52615410938468
55: 16.0 22.2 22.45 -135.20137949915107 -85.52615415020527 -135.20137886492034 -85.52615410938468
56: 16.0 22.2 22.45 -135.20137949915107 -85.52615415020527 -135.20137886492034 -85.52615410938468
57: 16.0 22.2 22.45 -135.20137949915107 -85.52615415020527 -135.20137886492034 -85.52615410938468
58: 16.0 16.1 16.25 -135.2013797152363 -85.52615419184856 -135.20137844655764 -85.5261542226917
59: 16.0 16.1 16.25 -135.2013797152363 -85.52615419184856 -135.20137844655764 -85.5261542226917
60: 16.0 16.1 16.25 -135.2013797152363 -85.52615419184856 -135.20137844655764 -85.5261542226917
61: 16.0 16.1 16.25 -135.2013797152363 -85.52615419184856 -135.20137844655764 -85.5261542226917
62: 16.0 17.4 17.55 -135.20137844655764 -85.5261542226917 -135.2013797152363 -85.52615419184856
63: 16.0 17.4 17.55 -135.20137844655764 -85.5261542226917 -135.2013797152363 -85.52615419184856
64: 16.0 17.4 17.55 -135.20137844655764 -85.5261542226917 -135.2013797152363 -85.52615419184856
65: 16.0 17.4 17.55 -135.20137844655764 -85.5261542226917 -135.2013797152363 -85.52615419184856
66: 16.0 19.3 20.1 -135.20137484670184 -85.52615421538529 -135.2013745370343 -85.52615431190515
67: 16.0 19.3 20.1 -135.20137484670184 -85.52615421538529 -135.2013745370343 -85.52615431190515
68: 16.0 19.3 20.1 -135.20137484670184 -85.52615421538529 -135.2013745370343 -85.52615431190515
69: 16.0 19.3 20.1 -135.20137484670184 -85.52615421538529 -135.2013745370343 -85.52615431190515
70: 16.0 19.3 20.1 -135.20137484670184 -85.52615421538529 -135.2013745370343 -85.52615431190515
71: 16.0 19.3 20.1 -135.20137484670184 -85.52615421538529 -135.2013745370343 -85.52615431190515
72: 16.0 19.3 20.1 -135.20137484670184 -85.52615421538529 -135.2013745370343 -85.52615431190515
73: 16.0 19.3 20.1 -135.20137484670184 -85.52615421538529 -135.2013745370343 -85.52615431190515
74: 16.0 19.3 20.1 -135.20137484670184 -85.52615421538529 -135.2013745370343 -85.52615431190515
75: 16.0 19.3 20.1 -135.20137484670184 -85.52615421538529 -135.2013745370343 -85.52615431190515
76: 16.0 6.5 7.0 -135.2013503975862 -85.52615403412469 -135.20135000076343 -85.52615399597899
77: 16.0 6.5 7.0 -135.2013503975862 -85.52615403412469 -135.20135000076343 -85.52615399597899
78: 16.0 6.5 7.0 -135.2013503975862 -85.52615403412469 -135.20135000076343 -85.52615399597899
79: 16.0 6.5 7.0 -135.2013503975862 -85.52615403412469 -135.20135000076343 -85.52615399597899
80: 16.0 6.5 7.0 -135.2013503975862 -85.52615403412469 -135.20135000076343 -85.52615399597899
81: 16.0 6.5 7.0 -135.2013503975862 -85.52615403412469 -135.20135000076343 -85.52615399597899
82: 16.0 6.5 7.0 -135.2013503975862 -85.52615403412469 -135.20135000076343 -85.52615399597899
83: 16.0 6.5 7.0 -135.2013503975862 -85.52615403412469 -135.20135000076343 -85.52615399597899
84: 16.0 6.5 7.0 -135.2013503975862 -85.52615403412469 -135.20135000076343 -85.52615399597899
85: 16.0 6.5 7.0 -135.2013503975862 -85.52615403412469 -135.20135000076343 -85.52615399597899
86: 16.0 7.0 7.1 -135.20135000076343 -85.52615399597899 -135.2013503975862 -85.52615403412469
87: 16.0 7.0 7.1 -135.20135000076343 -85.52615399597899 -135.2013503975862 -85.52615403412469
88: 16.0 7.0 7.1 -135.20135000076343 -85.52615399597899 -135.2013503975862 -85.52615403412469
89: 16.0 7.0 7.1 -135.20135000076343 -85.52615399597899 -135.2013503975862 -85.52615403412469
90: 16.0 7.0 7.1 -135.20135000076343 -85.52615399597899 -135.2013503975862 -85.52615403412469
91: 16.0 7.0 7.1 -135.20135000076343 -85.52615399597899 -135.2013503975862 -85.52615403412469
92: 16.0 7.0 7.1 -135.20135000076343 -85.52615399597899 -135.2013503975862 -85.52615403412469
93: 16.0 7.0 7.1 -135.20135000076343 -85.52615399597899 -135.2013503975862 -85.52615403412469
94: 16.0 7.0 7.1 -135.20135000076343 -85.52615399597899 -135.2013503975862 -85.52615403412469
95: 16.0 7.0 7.1 -135.20135000076343 -85.52615399597899 -135.2013503975862 -85.52615403412469
96: 16.0 16.3 16.4 -135.2013503975862 -85.52615403412469 -135.20135000076343 -85.52615399597899
97: 16.0 16.3 16.4 -135.2013503975862 -85.52615403412469 -135.20135000076343 -85.52615399597899
98: 16.0 16.3 16.4 -135.2013503975862 -85.52615403412469 -135.20135000076343 -85.52615399597899
99: 16.0 16.3 16.4 -135.2013503975862 -85.52615403412469 -135.20135000076343 -85.52615399597899
100: 16.0 16.3 16.4 -135.2013503975862 -85.52615403412469 -135.20135000076343 -85.52615399597899
101: 16.0 16.3 16.4 -135.2013503975862 -85.52615403412469 -135.20135000076343 -85.52615399597899
102: 16.0 16.3 16.4 -135.2013503975862 -85.52615403412469 -135.20135000076343 -85.52615399597899
103: 16.0 16.3 16.4 -135.2013503975862 -85.52615403412469 -135.20135000076343 -85.52615399597899
104: 16.0 16.3 16.4 -135.2013503975862 -85.52615403412469 -135.20135000076343 -85.52615399597899
105: 16.0 16.3 16.4 -135.2013503975862 -85.52615403412469 -135.20135000076343 -85.52615399597899
106: 16.0 16.5 17.0 -135.20135000076343 -85.52615399597899 -135.2013503975862 -85.52615403412469
107: 16.0 16.5 17.0 -135.20135000076343 -85.52615399597899 -135.2013503975862 -85.52615403412469
108: 16.0 16.5 17.0 -135.20135000076343 -85.52615399597899 -135.2013503975862 -85.52615403412469
109: 16.0 16.5 17.0 -135.20135000076343 -85.52615399597899 -135.2013503975862 -85.52615403412469
110: 16.0 16.5 17.0 -135.20135000076343 -85.52615399597899 -135.2013503975862 -85.52615403412469
111: 16.0 16.5 17.0 -135.20135000076343 -85.52615399597899 -135.2013503975862 -85.52615403412469
112: 16.0 16.5 17.0 -135.20135000076343 -85.52615399597899 -135.2013503975862 -85.52615403412469
113: 16.0 16.5 17.0 -135.20135000076343 -85.52615399597899 -135.2013503975862 -85.52615403412469
114: 16.0 16.5 17.0 -135.20135000076343 -85.52615399597899 -135.2013503975862 -85.52615403412469
115: 16.0 16.5 17.0 -135.20135000076343 -85.52615399597899 -135.2013503975862 -85.52615403412469
116: 16.0 6.5 7.0 -135.2013503975862 -85.52615403412469 -135.20135000076343 -85.52615399597899
117: 16.0 6.5 7.0 -135.2013503975862 -85.52615403412469 -135.20135000076343 -85.52615399597899
118: 16.0 6.5 7.0 -135.2013503975862 -85.52615403412469 -135.20135000076343 -85.52615399597899
119: 16.0 6.5 7.0 -135.2013503975862 -85.52615403412469 -135.20135000076343 -85.52615399597899
120: 16.0 6.5 7.0 -135.2013503975862 -85.52615403412469 -135.20135000076343 -85.52615399597899
121: 16.0 6.5 7.0 -135.2013503975862 -85.52615403412469 -135.20135000076343 -85.52615399597899
122: 16.0 6.5 7.0 -135.2013503975862 -85.52615403412469 -135.20135000076343 -85.52615399597899
123: 16.0 6.5 7.0 -135.2013503975862 -85.52615403412469 -135.20135000076343 -85.52615399597899
124: 16.0 6.5 7.0 -135.2013503975862 -85.52615403412469 -135.20135000076343 -85.52615399597899
125: 16.0 6.5 7.0 -135.2013503975862 -85.52615403412469 -135.20135000076343 -85.52615399597899
126: 16.0 6.5 7.0 -135.2013503975862 -85.52615403412469 -135.20135000076343 -85.52615399597899
127: 16.0 6.5 7.0 -135.2013503975862 -85.52615403412469 -135.20135000076343 -85.52615399597899
128: 16.0 6.5 7.0 -135.2013503975862 -85.52615403412469 -135.20135000076343 -85.52615399597899
129: 16.0 6.5 7.0 -135.2013503975862 -85.52615403412469 -135.20135000076343 -85.52615399597899
130: 16.0 6.5 7.0 -135.2013503975862 -85.52615403412469 -135.20135000076343 -85.52615399597899
131: 16.0 16.3 16.4 -135.20135000076343 -85.52615399597899 -135.2013503975862 -85.52615403412469
132: 16.0 16.3 16.4 -135.20135000076343 -85.52615399597899 -135.2013503975862 -85.52615403412469
133: 16.0 16.3 16.4 -135.20135000076343 -85.52615399597899 -135.2013503975862 -85.52615403412469
134: 16.0 16.3 16.4 -135.20135000076343 -85.52615399597899 -135.2013503975862 -85.52615403412469
135: 16.0 16.3 16.4 -135.20135000076343 -85.52615399597899 -135.2013503975862 -85.52615403412469
136: 16.0 16.3 16.4 -135.20135000076343 -85.52615399597899 -135.2013503975862 -85.52615403412469
137: 16.0 16.3 16.4 -135.20135000076343 -85.52615399597899 -135.2013503975862 -85.52615403412469
138: 16.0 16.3 16.4 -135.20135000076343 -85.52615399597899 -135.2013503975862 -85.52615403412469
139: 16.0 16.3 16.4 -135.20135000076343 -85.52615399597899 -135.2013503975862 -85.52615403412469
140: 16.0 16.3 16.4 -135.20135000076343 -85.52615399597899 -135.2013503975862 -85.52615403412469
141: 16.0 16.3 16.4 -135.20135000076343 -85.52615399597899 -135.2013503975862 -85.52615403412469
142: 16.0 16.3 16.4 -135.20135000076343 -85.52615399597899 -135.2013503975862 -85.52615403412469
143: 16.0 16.3 16.4 -135.20135000076343 -85.52615399597899 -135.2013503975862 -85.52615403412469
144: 16.0 16.3 16.4 -135.20135000076343 -85.52615399597899 -135.2013503975862 -85.52615403412469
145: 16.0 16.3 16.4 -135.20135000076343 -85.52615399597899 -135.2013503975862 -85.52615403412469
146: 16.0 19.0 19.3 -135.2013600981765 -85.52615353154502 -135.20135833428822 -85.52615356662692
147: 16.0 19.0 19.3 -135.2013600981765 -85.52615353154502 -135.20135833428822 -85.52615356662692
148: 16.0 19.0 19.3 -135.2013600981765 -85.52615353154502 -135.20135833428822 -85.52615356662692
149: 16.0 19.0 19.3 -135.2013600981765 -85.52615353154502 -135.20135833428822 -85.52615356662692
150: 16.0 19.0 19.3 -135.2013600981765 -85.52615353154502 -135.20135833428822 -85.52615356662692
151: 16.0 22.1 22.4 -135.20135833428822 -85.52615356662692 -135.2013600981765 -85.52615353154502
152: 16.0 22.1 22.4 -135.20135833428822 -85.52615356662692 -135.2013600981765 -85.52615353154502
153: 16.0 22.1 22.4 -135.20135833428822 -85.52615356662692 -135.2013600981765 -85.52615353154502
154: 16.0 22.1 22.4 -135.20135833428822 -85.52615356662692 -135.2013600981765 -85.52615353154502
155: 16.0 22.1 22.4 -135.20135833428822 -85.52615356662692 -135.2013600981765 -85.52615353154502
156: 16.0 6.3 6.5 -135.20135686574872 -85.52615303771132 -135.2013571387721 -85.52615321144589
157: 16.0 6.3 6.5 -135.20135686574872 -85.52615303771132 -135.2013571387721 -85.52615321144589
158: 16.0 6.3 6.5 -135.20135686574872 -85.52615303771132 -135.2013571387721 -85.52615321144589
159: 16.0 13.0 13.3 -135.2013571387721 -85.52615321144589 -135.20135686574872 -85.52615303771132
160: 16.0 13.0 13.3 -135.2013571387721 -85.52615321144589 -135.20135686574872 -85.52615303771132
161: 16.0 13.0 13.3 -135.2013571387721 -85.52615321144589 -135.20135686574872 -85.52615303771132
162: 16.0 18.0 20.0 -135.20137597148837 -85.52615280335564 -135.20137489381028 -85.5261529719549
163: 16.0 18.0 20.0 -135.20137597148837 -85.52615280335564 -135.20137489381028 -85.5261529719549
164: 16.0 18.0 20.0 -135.20137597148837 -85.52615280335564 -135.20137489381028 -85.5261529719549
165: 16.0 18.0 20.0 -135.20137597148837 -85.52615280335564 -135.20137489381028 -85.5261529719549
166: 16.0 18.0 20.0 -135.20137597148837 -85.52615280335564 -135.20137489381028 -85.5261529719549
167: 16.0 18.0 20.0 -135.20137597148837 -85.52615280335564 -135.20137489381028 -85.5261529719549
168: 16.0 18.0 20.0 -135.20137597148837 -85.52615280335564 -135.20137489381028 -85.5261529719549
169: 16.0 18.0 20.0 -135.20137597148837 -85.52615280335564 -135.20137489381028 -85.5261529719549
170: 16.0 7.3 8.0 -135.20136686648047 -85.52615305238706 -135.2013686841883 -85.52615312383973
171: 16.0 7.3 8.0 -135.20136686648047 -85.52615305238706 -135.2013686841883 -85.52615312383973
172: 16.0 7.3 8.0 -135.20136686648047 -85.52615305238706 -135.2013686841883 -85.52615312383973
173: 16.0 7.3 8.0 -135.20136686648047 -85.52615305238706 -135.2013686841883 -85.52615312383973
174: 16.0 17.0 17.3 -135.2013686841883 -85.52615312383973 -135.20136686648047 -85.52615305238706
175: 16.0 17.0 17.3 -135.2013686841883 -85.52615312383973 -135.20136686648047 -85.52615305238706
176: 16.0 17.0 17.3 -135.2013686841883 -85.52615312383973 -135.20136686648047 -85.52615305238706
177: 16.0 17.0 17.3 -135.2013686841883 -85.52615312383973 -135.20136686648047 -85.52615305238706
178: 16.0 14.5 15.1 -135.20136398801478 -85.52615305156046 -135.20136409972247 -85.52615296694613
179: 16.0 14.5 15.1 -135.20136398801478 -85.52615305156046 -135.20136409972247 -85.52615296694613
180: 16.0 14.5 15.1 -135.20136398801478 -85.52615305156046 -135.20136409972247 -85.52615296694613
181: 16.0 14.5 15.1 -135.20136398801478 -85.52615305156046 -135.20136409972247 -85.52615296694613
182: 16.0 14.5 15.1 -135.20136398801478 -85.52615305156046 -135.20136409972247 -85.52615296694613
183: 16.0 14.5 15.1 -135.20136398801478 -85.52615305156046 -135.20136409972247 -85.52615296694613
184: 16.0 6.3 7.0 -135.20138265472872 -85.52615280724002 -135.20138247980506 -85.52615272917195
185: 16.0 12.3 13.0 -135.20138247980506 -85.52615272917195 -135.20138265472872 -85.52615280724002
186: 16.0 10.3 11.3 -135.20137903392097 -85.52615286821585 -135.20137988475906 -85.52615255002368
187: 16.0 10.3 11.3 -135.20137903392097 -85.52615286821585 -135.20137988475906 -85.52615255002368
188: 16.0 10.3 11.3 -135.20137903392097 -85.52615286821585 -135.20137988475906 -85.52615255002368
189: 16.0 10.3 11.3 -135.20137903392097 -85.52615286821585 -135.20137988475906 -85.52615255002368
190: 16.0 10.3 11.3 -135.20137903392097 -85.52615286821585 -135.20137988475906 -85.52615255002368
191: 16.0 10.3 11.3 -135.20137903392097 -85.52615286821585 -135.20137988475906 -85.52615255002368
192: 16.0 10.3 11.3 -135.20137903392097 -85.52615286821585 -135.20137988475906 -85.52615255002368
193: 16.0 10.3 11.3 -135.20137903392097 -85.52615286821585 -135.20137988475906 -85.52615255002368
194: 16.0 6.3 7.0 -135.2013802982734 -85.52615233996451 -135.20137943501334 -85.52615229175692
195: 16.0 6.3 7.0 -135.2013802982734 -85.52615233996451 -135.20137943501334 -85.52615229175692
196: 16.0 6.3 7.0 -135.2013802982734 -85.52615233996451 -135.20137943501334 -85.52615229175692
197: 16.0 6.3 7.0 -135.2013802982734 -85.52615233996451 -135.20137943501334 -85.52615229175692
198: 16.0 6.3 7.0 -135.2013802982734 -85.52615233996451 -135.20137943501334 -85.52615229175692
199: 16.0 6.3 7.0 -135.2013802982734 -85.52615233996451 -135.20137943501334 -85.52615229175692
200: 16.0 6.3 7.0 -135.2013802982734 -85.52615233996451 -135.20137943501334 -85.52615229175692
201: 16.0 6.3 7.0 -135.2013802982734 -85.52615233996451 -135.20137943501334 -85.52615229175692
202: 16.0 6.3 7.0 -135.2013802982734 -85.52615233996451 -135.20137943501334 -85.52615229175692
203: 16.0 12.0 12.3 -135.20137943501334 -85.52615229175692 -135.2013802982734 -85.52615233996451
204: 16.0 12.0 12.3 -135.20137943501334 -85.52615229175692 -135.2013802982734 -85.52615233996451
205: 16.0 12.0 12.3 -135.20137943501334 -85.52615229175692 -135.2013802982734 -85.52615233996451
206: 16.0 12.0 12.3 -135.20137943501334 -85.52615229175692 -135.2013802982734 -85.52615233996451
207: 16.0 12.0 12.3 -135.20137943501334 -85.52615229175692 -135.2013802982734 -85.52615233996451
208: 16.0 12.0 12.3 -135.20137943501334 -85.52615229175692 -135.2013802982734 -85.52615233996451
209: 16.0 12.0 12.3 -135.20137943501334 -85.52615229175692 -135.2013802982734 -85.52615233996451
210: 16.0 12.0 12.3 -135.20137943501334 -85.52615229175692 -135.2013802982734 -85.52615233996451
211: 16.0 12.0 12.3 -135.20137943501334 -85.52615229175692 -135.2013802982734 -85.52615233996451
212: 16.0 13.0 13.4 -135.20139241523287 -85.52615256852775 -135.20139268389156 -85.52615274421764
213: 16.0 13.0 13.4 -135.20139241523287 -85.52615256852775 -135.20139268389156 -85.52615274421764
214: 16.0 13.0 13.4 -135.20139241523287 -85.52615256852775 -135.20139268389156 -85.52615274421764
215: 16.0 13.0 13.4 -135.20139241523287 -85.52615256852775 -135.20139268389156 -85.52615274421764
216: 16.0 13.0 13.4 -135.20139241523287 -85.52615256852775 -135.20139268389156 -85.52615274421764
217: 16.0 13.0 13.4 -135.20139241523287 -85.52615256852775 -135.20139268389156 -85.52615274421764
218: 16.0 22.0 22.4 -135.20139268389156 -85.52615274421764 -135.20139241523287 -85.52615256852775
219: 16.0 22.0 22.4 -135.20139268389156 -85.52615274421764 -135.20139241523287 -85.52615256852775
220: 16.0 22.0 22.4 -135.20139268389156 -85.52615274421764 -135.20139241523287 -85.52615256852775
221: 16.0 22.0 22.4 -135.20139268389156 -85.52615274421764 -135.20139241523287 -85.52615256852775
222: 16.0 22.0 22.4 -135.20139268389156 -85.52615274421764 -135.20139241523287 -85.52615256852775
223: 16.0 22.0 22.4 -135.20139268389156 -85.52615274421764 -135.20139241523287 -85.52615256852775
224: 16.0 8.3 9.0 -135.20139046574164 -85.52615301751129 -135.2013905527241 -85.52615314947236
225: 16.0 8.3 9.0 -135.20139046574164 -85.52615301751129 -135.2013905527241 -85.52615314947236
226: 16.0 8.3 9.0 -135.20139046574164 -85.52615301751129 -135.2013905527241 -85.52615314947236
227: 16.0 8.3 9.0 -135.20139046574164 -85.52615301751129 -135.2013905527241 -85.52615314947236
228: 16.0 17.0 17.3 -135.2013905527241 -85.52615314947236 -135.20139046574164 -85.52615301751129
229: 16.0 17.0 17.3 -135.2013905527241 -85.52615314947236 -135.20139046574164 -85.52615301751129
230: 16.0 17.0 17.3 -135.2013905527241 -85.52615314947236 -135.20139046574164 -85.52615301751129
231: 16.0 17.0 17.3 -135.2013905527241 -85.52615314947236 -135.20139046574164 -85.52615301751129
232: 16.0 9.0 9.4 -135.20135323309478 -85.52615454778356 -135.20135531067797 -85.52615473971262
233: 16.0 9.0 9.4 -135.20135323309478 -85.52615454778356 -135.20135531067797 -85.52615473971262
234: 16.0 9.0 9.4 -135.20135323309478 -85.52615454778356 -135.20135531067797 -85.52615473971262
235: 16.0 9.0 9.4 -135.20135323309478 -85.52615454778356 -135.20135531067797 -85.52615473971262
236: 16.0 9.0 9.4 -135.20135323309478 -85.52615454778356 -135.20135531067797 -85.52615473971262
237: 16.0 9.0 9.4 -135.20135323309478 -85.52615454778356 -135.20135531067797 -85.52615473971262
238: 16.0 9.0 9.4 -135.20135323309478 -85.52615454778356 -135.20135531067797 -85.52615473971262
239: 16.0 9.0 9.4 -135.20135323309478 -85.52615454778356 -135.20135531067797 -85.52615473971262
240: 16.0 9.0 9.4 -135.20135323309478 -85.52615454778356 -135.20135531067797 -85.52615473971262
241: 16.0 9.0 9.4 -135.20135323309478 -85.52615454778356 -135.20135531067797 -85.52615473971262
242: 16.0 9.0 9.4 -135.20135323309478 -85.52615454778356 -135.20135531067797 -85.52615473971262
243: 16.0 9.0 9.4 -135.20135323309478 -85.52615454778356 -135.20135531067797 -85.52615473971262
244: 16.0 19.0 19.45 -135.20135531067797 -85.52615473971262 -135.20135323309478 -85.52615454778356
245: 16.0 19.0 19.45 -135.20135531067797 -85.52615473971262 -135.20135323309478 -85.52615454778356
246: 16.0 19.0 19.45 -135.20135531067797 -85.52615473971262 -135.20135323309478 -85.52615454778356
247: 16.0 19.0 19.45 -135.20135531067797 -85.52615473971262 -135.20135323309478 -85.52615454778356
248: 16.0 19.0 19.45 -135.20135531067797 -85.52615473971262 -135.20135323309478 -85.52615454778356
249: 16.0 19.0 19.45 -135.20135531067797 -85.52615473971262 -135.20135323309478 -85.52615454778356
250: 16.0 19.0 19.45 -135.20135531067797 -85.52615473971262 -135.20135323309478 -85.52615454778356
251: 16.0 19.0 19.45 -135.20135531067797 -85.52615473971262 -135.20135323309478 -85.52615454778356
252: 16.0 19.0 19.45 -135.20135531067797 -85.52615473971262 -135.20135323309478 -85.52615454778356
253: 16.0 19.0 19.45 -135.20135531067797 -85.52615473971262 -135.20135323309478 -85.52615454778356
254: 16.0 19.0 19.45 -135.20135531067797 -85.52615473971262 -135.20135323309478 -85.52615454778356
255: 16.0 19.0 19.45 -135.20135531067797 -85.52615473971262 -135.20135323309478 -85.52615454778356
256: 16.0 8.0 8.5 -135.20134855855855 -85.52615356372088 -135.20134664744253 -85.52615398881254
257: 16.0 8.0 8.5 -135.20134855855855 -85.52615356372088 -135.20134664744253 -85.52615398881254
258: 16.0 8.0 8.5 -135.20134855855855 -85.52615356372088 -135.20134664744253 -85.52615398881254
259: 16.0 8.0 8.5 -135.20134855855855 -85.52615356372088 -135.20134664744253 -85.52615398881254
260: 16.0 8.0 8.5 -135.20134855855855 -85.52615356372088 -135.20134664744253 -85.52615398881254
261: 16.0 8.0 8.5 -135.20134855855855 -85.52615356372088 -135.20134664744253 -85.52615398881254
262: 16.0 8.0 8.5 -135.20134855855855 -85.52615356372088 -135.20134664744253 -85.52615398881254
263: 16.0 12.0 12.3 -135.20134664744253 -85.52615398881254 -135.20134855855855 -85.52615356372088
264: 16.0 12.0 12.3 -135.20134664744253 -85.52615398881254 -135.20134855855855 -85.52615356372088
265: 16.0 12.0 12.3 -135.20134664744253 -85.52615398881254 -135.20134855855855 -85.52615356372088
266: 16.0 12.0 12.3 -135.20134664744253 -85.52615398881254 -135.20134855855855 -85.52615356372088
267: 16.0 12.0 12.3 -135.20134664744253 -85.52615398881254 -135.20134855855855 -85.52615356372088
268: 16.0 12.0 12.3 -135.20134664744253 -85.52615398881254 -135.20134855855855 -85.52615356372088
269: 16.0 12.0 12.3 -135.20134664744253 -85.52615398881254 -135.20134855855855 -85.52615356372088
270: 16.0 12.2 13.0 -135.20134572420142 -85.52615450414798 -135.20134706848762 -85.52615458693437
271: 16.0 12.2 13.0 -135.20134572420142 -85.52615450414798 -135.20134706848762 -85.52615458693437
272: 16.0 12.2 13.0 -135.20134572420142 -85.52615450414798 -135.20134706848762 -85.52615458693437
273: 16.0 12.2 13.0 -135.20134572420142 -85.52615450414798 -135.20134706848762 -85.52615458693437
274: 16.0 12.2 13.0 -135.20134572420142 -85.52615450414798 -135.20134706848762 -85.52615458693437
275: 16.0 12.2 13.0 -135.20134572420142 -85.52615450414798 -135.20134706848762 -85.52615458693437
276: 16.0 7.3 7.55 -135.2013101851962 -85.52615474924151 -135.2013112160964 -85.52615486957407
277: 16.0 7.3 7.55 -135.2013101851962 -85.52615474924151 -135.2013112160964 -85.52615486957407
278: 16.0 7.3 7.55 -135.2013101851962 -85.52615474924151 -135.2013112160964 -85.52615486957407
279: 16.0 19.0 19.25 -135.2013112160964 -85.52615486957407 -135.2013101851962 -85.52615474924151
280: 16.0 19.0 19.25 -135.2013112160964 -85.52615486957407 -135.2013101851962 -85.52615474924151
281: 16.0 19.0 19.25 -135.2013112160964 -85.52615486957407 -135.2013101851962 -85.52615474924151
282: 16.0 12.3 12.55 -135.20136962890257 -85.52615284442919 -135.2013696044468 -85.52615282095232
283: 16.0 12.3 12.55 -135.20136962890257 -85.52615284442919 -135.2013696044468 -85.52615282095232
284: 16.0 17.3 17.45 -135.2013696044468 -85.52615282095232 -135.20136962890257 -85.52615284442919
285: 16.0 17.3 17.45 -135.2013696044468 -85.52615282095232 -135.20136962890257 -85.52615284442919
286: 16.0 12.3 12.55 -135.20136962890257 -85.52615284442919 -135.2013696044468 -85.52615282095232
287: 16.0 12.3 12.55 -135.20136962890257 -85.52615284442919 -135.2013696044468 -85.52615282095232
288: 16.0 12.3 12.55 -135.20136962890257 -85.52615284442919 -135.2013696044468 -85.52615282095232
289: 16.0 12.3 12.55 -135.20136962890257 -85.52615284442919 -135.2013696044468 -85.52615282095232
290: 16.0 12.3 12.55 -135.20136962890257 -85.52615284442919 -135.2013696044468 -85.52615282095232
291: 16.0 12.3 12.55 -135.20136962890257 -85.52615284442919 -135.2013696044468 -85.52615282095232
292: 16.0 12.3 12.55 -135.20136962890257 -85.52615284442919 -135.2013696044468 -85.52615282095232
293: 16.0 12.3 12.55 -135.20136962890257 -85.52615284442919 -135.2013696044468 -85.52615282095232
294: 16.0 12.3 12.55 -135.20136962890257 -85.52615284442919 -135.2013696044468 -85.52615282095232
295: 16.0 12.3 12.55 -135.20136962890257 -85.52615284442919 -135.2013696044468 -85.52615282095232
296: 16.0 17.3 17.45 -135.2013696044468 -85.52615282095232 -135.20136962890257 -85.52615284442919
297: 16.0 17.3 17.45 -135.2013696044468 -85.52615282095232 -135.20136962890257 -85.52615284442919
298: 16.0 17.3 17.45 -135.2013696044468 -85.52615282095232 -135.20136962890257 -85.52615284442919
299: 16.0 17.3 17.45 -135.2013696044468 -85.52615282095232 -135.20136962890257 -85.52615284442919
300: 16.0 17.3 17.45 -135.2013696044468 -85.52615282095232 -135.20136962890257 -85.52615284442919
301: 16.0 17.3 17.45 -135.2013696044468 -85.52615282095232 -135.20136962890257 -85.52615284442919
302: 16.0 17.3 17.45 -135.2013696044468 -85.52615282095232 -135.20136962890257 -85.52615284442919
303: 16.0 17.3 17.45 -135.2013696044468 -85.52615282095232 -135.20136962890257 -85.52615284442919
304: 16.0 17.3 17.45 -135.2013696044468 -85.52615282095232 -135.20136962890257 -85.52615284442919
305: 16.0 17.3 17.45 -135.2013696044468 -85.52615282095232 -135.20136962890257 -85.52615284442919
306: 16.0 6.3 7.0 -135.20136925042723 -85.52615299760626 -135.20136801604878 -85.52615286055801
307: 16.0 6.3 7.0 -135.20136925042723 -85.52615299760626 -135.20136801604878 -85.52615286055801
308: 16.0 6.3 7.0 -135.20136925042723 -85.52615299760626 -135.20136801604878 -85.52615286055801
309: 16.0 6.3 7.0 -135.20136925042723 -85.52615299760626 -135.20136801604878 -85.52615286055801
310: 16.0 12.0 12.2 -135.20136801604878 -85.52615286055801 -135.20136925042723 -85.52615299760626
311: 16.0 12.0 12.2 -135.20136801604878 -85.52615286055801 -135.20136925042723 -85.52615299760626
312: 16.0 12.0 12.2 -135.20136801604878 -85.52615286055801 -135.20136925042723 -85.52615299760626
313: 16.0 12.0 12.2 -135.20136801604878 -85.52615286055801 -135.20136925042723 -85.52615299760626
314: 16.0 12.0 12.3 -135.20136241730233 -85.52615246539963 -135.2013638193101 -85.52615258645395
315: 16.0 12.0 12.3 -135.20136241730233 -85.52615246539963 -135.2013638193101 -85.52615258645395
316: 16.0 12.0 12.3 -135.20136241730233 -85.52615246539963 -135.2013638193101 -85.52615258645395
317: 16.0 12.0 12.3 -135.20136241730233 -85.52615246539963 -135.2013638193101 -85.52615258645395
318: 16.0 12.0 12.3 -135.20136241730233 -85.52615246539963 -135.2013638193101 -85.52615258645395
319: 16.0 12.0 12.3 -135.20136241730233 -85.52615246539963 -135.2013638193101 -85.52615258645395
320: 16.0 12.0 12.3 -135.20136241730233 -85.52615246539963 -135.2013638193101 -85.52615258645395
321: 16.0 12.0 12.3 -135.20136241730233 -85.52615246539963 -135.2013638193101 -85.52615258645395
322: 16.0 12.0 12.3 -135.20136241730233 -85.52615246539963 -135.2013638193101 -85.52615258645395
323: 16.0 12.0 12.3 -135.20136241730233 -85.52615246539963 -135.2013638193101 -85.52615258645395
324: 16.0 12.0 12.3 -135.20136241730233 -85.52615246539963 -135.2013638193101 -85.52615258645395
325: 16.0 12.0 12.3 -135.20136241730233 -85.52615246539963 -135.2013638193101 -85.52615258645395
326: 16.0 12.0 12.3 -135.20136241730233 -85.52615246539963 -135.2013638193101 -85.52615258645395
327: 16.0 12.0 12.3 -135.20136241730233 -85.52615246539963 -135.2013638193101 -85.52615258645395
328: 16.0 12.0 12.3 -135.20136241730233 -85.52615246539963 -135.2013638193101 -85.52615258645395
329: 16.0 12.0 12.3 -135.20136241730233 -85.52615246539963 -135.2013638193101 -85.52615258645395
330: 16.0 22.0 22.3 -135.2013638193101 -85.52615258645395 -135.20136241730233 -85.52615246539963
331: 16.0 22.0 22.3 -135.2013638193101 -85.52615258645395 -135.20136241730233 -85.52615246539963
332: 16.0 22.0 22.3 -135.2013638193101 -85.52615258645395 -135.20136241730233 -85.52615246539963
333: 16.0 22.0 22.3 -135.2013638193101 -85.52615258645395 -135.20136241730233 -85.52615246539963
334: 16.0 22.0 22.3 -135.2013638193101 -85.52615258645395 -135.20136241730233 -85.52615246539963
335: 16.0 22.0 22.3 -135.2013638193101 -85.52615258645395 -135.20136241730233 -85.52615246539963
336: 16.0 22.0 22.3 -135.2013638193101 -85.52615258645395 -135.20136241730233 -85.52615246539963
337: 16.0 22.0 22.3 -135.2013638193101 -85.52615258645395 -135.20136241730233 -85.52615246539963
338: 16.0 22.0 22.3 -135.2013638193101 -85.52615258645395 -135.20136241730233 -85.52615246539963
339: 16.0 22.0 22.3 -135.2013638193101 -85.52615258645395 -135.20136241730233 -85.52615246539963
340: 16.0 22.0 22.3 -135.2013638193101 -85.52615258645395 -135.20136241730233 -85.52615246539963
341: 16.0 22.0 22.3 -135.2013638193101 -85.52615258645395 -135.20136241730233 -85.52615246539963
342: 16.0 22.0 22.3 -135.2013638193101 -85.52615258645395 -135.20136241730233 -85.52615246539963
343: 16.0 22.0 22.3 -135.2013638193101 -85.52615258645395 -135.20136241730233 -85.52615246539963
344: 16.0 22.0 22.3 -135.2013638193101 -85.52615258645395 -135.20136241730233 -85.52615246539963
345: 16.0 22.0 22.3 -135.2013638193101 -85.52615258645395 -135.20136241730233 -85.52615246539963
346: 16.0 19.0 19.3 -135.20136782882187 -85.52615238423782 -135.20136735421661 -85.52615244738165
347: 16.0 19.0 19.3 -135.20136782882187 -85.52615238423782 -135.20136735421661 -85.52615244738165
348: 16.0 19.0 19.3 -135.20136782882187 -85.52615238423782 -135.20136735421661 -85.52615244738165
349: 16.0 19.0 19.3 -135.20136782882187 -85.52615238423782 -135.20136735421661 -85.52615244738165
350: 16.0 19.0 19.3 -135.20136782882187 -85.52615238423782 -135.20136735421661 -85.52615244738165
351: 16.0 19.0 19.3 -135.20136782882187 -85.52615238423782 -135.20136735421661 -85.52615244738165
352: 16.0 19.0 19.3 -135.20136782882187 -85.52615238423782 -135.20136735421661 -85.52615244738165
353: 16.0 19.0 19.3 -135.20136782882187 -85.52615238423782 -135.20136735421661 -85.52615244738165
354: 16.0 23.0 23.3 -135.20136735421661 -85.52615244738165 -135.20136782882187 -85.52615238423782
355: 16.0 23.0 23.3 -135.20136735421661 -85.52615244738165 -135.20136782882187 -85.52615238423782
356: 16.0 23.0 23.3 -135.20136735421661 -85.52615244738165 -135.20136782882187 -85.52615238423782
357: 16.0 23.0 23.3 -135.20136735421661 -85.52615244738165 -135.20136782882187 -85.52615238423782
358: 16.0 23.0 23.3 -135.20136735421661 -85.52615244738165 -135.20136782882187 -85.52615238423782
359: 16.0 23.0 23.3 -135.20136735421661 -85.52615244738165 -135.20136782882187 -85.52615238423782
360: 16.0 23.0 23.3 -135.20136735421661 -85.52615244738165 -135.20136782882187 -85.52615238423782
361: 16.0 23.0 23.3 -135.20136735421661 -85.52615244738165 -135.20136782882187 -85.52615238423782
362: 16.0 19.0 19.3 -135.20136782882187 -85.52615238423782 -135.20136735421661 -85.52615244738165
363: 16.0 19.0 19.3 -135.20136782882187 -85.52615238423782 -135.20136735421661 -85.52615244738165
364: 16.0 19.0 19.3 -135.20136782882187 -85.52615238423782 -135.20136735421661 -85.52615244738165
365: 16.0 19.0 19.3 -135.20136782882187 -85.52615238423782 -135.20136735421661 -85.52615244738165
366: 16.0 19.0 19.3 -135.20136782882187 -85.52615238423782 -135.20136735421661 -85.52615244738165
367: 16.0 19.0 19.3 -135.20136782882187 -85.52615238423782 -135.20136735421661 -85.52615244738165
368: 16.0 19.0 19.3 -135.20136782882187 -85.52615238423782 -135.20136735421661 -85.52615244738165
369: 16.0 19.0 19.3 -135.20136782882187 -85.52615238423782 -135.20136735421661 -85.52615244738165
370: 16.0 23.0 23.3 -135.20136735421661 -85.52615244738165 -135.20136782882187 -85.52615238423782
371: 16.0 23.0 23.3 -135.20136735421661 -85.52615244738165 -135.20136782882187 -85.52615238423782
372: 16.0 23.0 23.3 -135.20136735421661 -85.52615244738165 -135.20136782882187 -85.52615238423782
373: 16.0 23.0 23.3 -135.20136735421661 -85.52615244738165 -135.20136782882187 -85.52615238423782
374: 16.0 23.0 23.3 -135.20136735421661 -85.52615244738165 -135.20136782882187 -85.52615238423782
375: 16.0 23.0 23.3 -135.20136735421661 -85.52615244738165 -135.20136782882187 -85.52615238423782
376: 16.0 23.0 23.3 -135.20136735421661 -85.52615244738165 -135.20136782882187 -85.52615238423782
377: 16.0 23.0 23.3 -135.20136735421661 -85.52615244738165 -135.20136782882187 -85.52615238423782
378: 16.0 12.2 12.4 -135.20135497396257 -85.52615271505054 -135.20135571620332 -85.52615266183383
379: 16.0 12.2 12.4 -135.20135497396257 -85.52615271505054 -135.20135571620332 -85.52615266183383
380: 16.0 12.2 12.4 -135.20135497396257 -85.52615271505054 -135.20135571620332 -85.52615266183383
381: 16.0 12.45 13.05 -135.20135571620332 -85.52615266183383 -135.20135497396257 -85.52615271505054
382: 16.0 12.45 13.05 -135.20135571620332 -85.52615266183383 -135.20135497396257 -85.52615271505054
383: 16.0 12.45 13.05 -135.20135571620332 -85.52615266183383 -135.20135497396257 -85.52615271505054
384: 16.0 12.2 12.4 -135.20135497396257 -85.52615271505054 -135.20135571620332 -85.52615266183383
385: 16.0 12.2 12.4 -135.20135497396257 -85.52615271505054 -135.20135571620332 -85.52615266183383
386: 16.0 12.2 12.4 -135.20135497396257 -85.52615271505054 -135.20135571620332 -85.52615266183383
387: 16.0 12.4 13.0 -135.20137422389712 -85.52615215334139 -135.20137325018456 -85.5261521054206
388: 16.0 12.4 13.0 -135.20137422389712 -85.52615215334139 -135.20137325018456 -85.5261521054206
389: 16.0 12.4 13.0 -135.20137422389712 -85.52615215334139 -135.20137325018456 -85.5261521054206
390: 16.0 12.4 13.0 -135.20137422389712 -85.52615215334139 -135.20137325018456 -85.5261521054206
391: 16.0 12.4 13.0 -135.20137422389712 -85.52615215334139 -135.20137325018456 -85.5261521054206
392: 16.0 12.4 13.0 -135.20137422389712 -85.52615215334139 -135.20137325018456 -85.5261521054206
393: 16.0 12.4 13.0 -135.20137422389712 -85.52615215334139 -135.20137325018456 -85.5261521054206
394: 16.0 13.0 13.2 -135.20137325018456 -85.5261521054206 -135.20137422389712 -85.52615215334139
395: 16.0 13.0 13.2 -135.20137325018456 -85.5261521054206 -135.20137422389712 -85.52615215334139
396: 16.0 13.0 13.2 -135.20137325018456 -85.5261521054206 -135.20137422389712 -85.52615215334139
397: 16.0 13.0 13.2 -135.20137325018456 -85.5261521054206 -135.20137422389712 -85.52615215334139
398: 16.0 13.0 13.2 -135.20137325018456 -85.5261521054206 -135.20137422389712 -85.52615215334139
399: 16.0 13.0 13.2 -135.20137325018456 -85.5261521054206 -135.20137422389712 -85.52615215334139
400: 16.0 13.0 13.2 -135.20137325018456 -85.5261521054206 -135.20137422389712 -85.52615215334139
401: 16.0 17.3 17.5 -135.20137422389712 -85.52615215334139 -135.20137325018456 -85.5261521054206
402: 16.0 17.3 17.5 -135.20137422389712 -85.52615215334139 -135.20137325018456 -85.5261521054206
403: 16.0 17.3 17.5 -135.20137422389712 -85.52615215334139 -135.20137325018456 -85.5261521054206
404: 16.0 17.3 17.5 -135.20137422389712 -85.52615215334139 -135.20137325018456 -85.5261521054206
405: 16.0 17.3 17.5 -135.20137422389712 -85.52615215334139 -135.20137325018456 -85.5261521054206
406: 16.0 17.3 17.5 -135.20137422389712 -85.52615215334139 -135.20137325018456 -85.5261521054206
407: 16.0 17.3 17.5 -135.20137422389712 -85.52615215334139 -135.20137325018456 -85.5261521054206
408: 16.0 17.5 18.2 -135.20137325018456 -85.5261521054206 -135.20137422389712 -85.52615215334139
409: 16.0 17.5 18.2 -135.20137325018456 -85.5261521054206 -135.20137422389712 -85.52615215334139
410: 16.0 17.5 18.2 -135.20137325018456 -85.5261521054206 -135.20137422389712 -85.52615215334139
411: 16.0 17.5 18.2 -135.20137325018456 -85.5261521054206 -135.20137422389712 -85.52615215334139
412: 16.0 17.5 18.2 -135.20137325018456 -85.5261521054206 -135.20137422389712 -85.52615215334139
413: 16.0 17.5 18.2 -135.20137325018456 -85.5261521054206 -135.20137422389712 -85.52615215334139
414: 16.0 17.5 18.2 -135.20137325018456 -85.5261521054206 -135.20137422389712 -85.52615215334139
415: 16.0 12.4 13.0 -135.20137422389712 -85.52615215334139 -135.20137325018456 -85.5261521054206
416: 16.0 12.4 13.0 -135.20137422389712 -85.52615215334139 -135.20137325018456 -85.5261521054206
417: 16.0 12.4 13.0 -135.20137422389712 -85.52615215334139 -135.20137325018456 -85.5261521054206
418: 16.0 12.4 13.0 -135.20137422389712 -85.52615215334139 -135.20137325018456 -85.5261521054206
419: 16.0 12.4 13.0 -135.20137422389712 -85.52615215334139 -135.20137325018456 -85.5261521054206
420: 16.0 12.4 13.0 -135.20137422389712 -85.52615215334139 -135.20137325018456 -85.5261521054206
421: 16.0 12.4 13.0 -135.20137422389712 -85.52615215334139 -135.20137325018456 -85.5261521054206
422: 16.0 12.4 13.0 -135.20137422389712 -85.52615215334139 -135.20137325018456 -85.5261521054206
423: 16.0 13.03 13.3 -135.20139643492146 -85.5261537080813 -135.20139572288056 -85.52615363862498
424: 16.0 13.03 13.3 -135.20139643492146 -85.5261537080813 -135.20139572288056 -85.52615363862498
425: 16.0 13.03 13.3 -135.20139643492146 -85.5261537080813 -135.20139572288056 -85.52615363862498
426: 16.0 13.03 13.3 -135.20139643492146 -85.5261537080813 -135.20139572288056 -85.52615363862498
427: 16.0 13.03 13.3 -135.20139643492146 -85.5261537080813 -135.20139572288056 -85.52615363862498
428: 16.0 18.0 18.3 -135.20139772369762 -85.52615355439733 -135.20139946976002 -85.52615363789357
429: 16.0 18.0 18.3 -135.20139772369762 -85.52615355439733 -135.20139946976002 -85.52615363789357
430: 16.0 18.0 18.3 -135.20139772369762 -85.52615355439733 -135.20139946976002 -85.52615363789357
431: 16.0 18.0 18.3 -135.20139772369762 -85.52615355439733 -135.20139946976002 -85.52615363789357
432: 16.0 18.0 18.3 -135.20139772369762 -85.52615355439733 -135.20139946976002 -85.52615363789357
433: 16.0 6.0 6.3 -135.20140419007498 -85.52615323311407 -135.20140172949044 -85.52615325893393
434: 16.0 6.0 6.3 -135.20140419007498 -85.52615323311407 -135.20140172949044 -85.52615325893393
435: 16.0 6.0 6.3 -135.20140419007498 -85.52615323311407 -135.20140172949044 -85.52615325893393
436: 16.0 6.0 6.3 -135.20140419007498 -85.52615323311407 -135.20140172949044 -85.52615325893393
437: 16.0 17.0 17.3 -135.20140172949044 -85.52615325893393 -135.20140419007498 -85.52615323311407
438: 16.0 17.0 17.3 -135.20140172949044 -85.52615325893393 -135.20140419007498 -85.52615323311407
439: 16.0 17.0 17.3 -135.20140172949044 -85.52615325893393 -135.20140419007498 -85.52615323311407
440: 16.0 17.0 17.3 -135.20140172949044 -85.52615325893393 -135.20140419007498 -85.52615323311407
441: 16.0 6.0 6.3 -135.20140419007498 -85.52615323311407 -135.20140172949044 -85.52615325893393
442: 16.0 6.0 6.3 -135.20140419007498 -85.52615323311407 -135.20140172949044 -85.52615325893393
443: 16.0 6.0 6.3 -135.20140419007498 -85.52615323311407 -135.20140172949044 -85.52615325893393
444: 16.0 6.0 6.3 -135.20140419007498 -85.52615323311407 -135.20140172949044 -85.52615325893393
445: 16.0 17.0 17.3 -135.20140172949044 -85.52615325893393 -135.20140419007498 -85.52615323311407
446: 16.0 17.0 17.3 -135.20140172949044 -85.52615325893393 -135.20140419007498 -85.52615323311407
447: 16.0 17.0 17.3 -135.20140172949044 -85.52615325893393 -135.20140419007498 -85.52615323311407
448: 16.0 17.0 17.3 -135.20140172949044 -85.52615325893393 -135.20140419007498 -85.52615323311407
