0: 16.0 18.0 18.34 -135.2013797674213 -85.52615370001541 -135.20137984305407 -85.52615349758807
1: 16.0 17.0 17.2 -135.20137964385768 -85.52615370212531 -135.20137910467028 -85.52615374126233
2: 16.0 7.3 8.0 -135.20137702083517 -85.52615368805496 -135.20137763178235 -85.52615363846891
3: 16.0 7.3 8.0 -135.20137702083517 -85.52615368805496 -135.20137763178235 -85.52615363846891
4: 16.0 7.3 8.0 -135.20137702083517 -85.52615368805496 -135.20137763178235 -85.52615363846891
5: 16.0 18.0 18.3 -135.20137763178235 -85.52615363846891 -135.20137702083517 -85.52615368805496
6: 16.0 18.0 18.3 -135.20137763178235 -85.52615363846891 -135.20137702083517 -85.52615368805496
7: 16.0 18.0 18.3 -135.20137763178235 -85.52615363846891 -135.20137702083517 -85.52615368805496
8: 16.0 5.1 5.3 -135.20137715374747 -85.5261536724022 -135.2013779291366 -85.52615369660347
9: 16.0 5.1 5.3 -135.20137715374747 -85.5261536724022 -135.2013779291366 -85.52615369660347
10: 16.0 5.1 5.3 -135.20137715374747 -85.5261536724022 -135.2013779291366 -85.52615369660347
11: 16.0 6.4 7.1 -135.20137986813097 -85.52615345446337 -135.2013811884635 -85.52615344043161
12: 16.0 7.11 7.46 -135.2013811884635 -85.52615344043161 -135.20137986813097 -85.52615345446337
13: 16.0 10.55 11.43 -135.20137986813097 -85.52615345446337 -135.2013811884635 -85.52615344043161
14: 16.0 11.45 12.2 -135.2013811884635 -85.52615344043161 -135.20137986813097 -85.52615345446337
15: 16.0 7.3 8.0 -135.20138041802295 -85.52615353934729 -135.20138025338565 -85.52615362642095
16: 16.0 7.3 8.0 -135.20138041802295 -85.52615353934729 -135.20138025338565 -85.52615362642095
17: 16.0 14.0 14.45 -135.20138025338565 -85.52615362642095 -135.20138041802295 -85.52615353934729
18: 16.0 14.0 14.45 -135.20138025338565 -85.52615362642095 -135.20138041802295 -85.52615353934729
19: 16.0 16.0 17.0 -135.20137982700103 -85.52615361941517 -135.20138213034443 -85.5261536355177
20: 16.0 16.0 17.0 -135.20137982700103 -85.52615361941517 -135.20138213034443 -85.5261536355177
21: 16.0 12.0 12.4 -135.20138214284412 -85.5261536924509 -135.20138224395168 -85.52615358373437
22: 16.0 12.0 12.4 -135.20138214284412 -85.5261536924509 -135.20138224395168 -85.52615358373437
23: 16.0 17.45 18.1 -135.20138224823168 -85.52615358551066 -135.20138051457826 -85.5261536760722
24: 16.0 15.4 16.0 -135.20137592390816 -85.52615353910792 -135.20137614414435 -85.52615361630995
25: 16.0 18.45 19.04 -135.20138474411917 -85.52615446579738 -135.20138484363898 -85.52615450584709
26: 16.0 18.45 19.04 -135.20138474411917 -85.52615446579738 -135.20138484363898 -85.52615450584709
27: 16.0 18.45 19.04 -135.20138474411917 -85.52615446579738 -135.20138484363898 -85.52615450584709
28: 16.0 18.45 19.04 -135.20138474411917 -85.52615446579738 -135.20138484363898 -85.52615450584709
29: 16.0 18.45 19.04 -135.20138474411917 -85.52615446579738 -135.20138484363898 -85.52615450584709
30: 16.0 18.45 19.04 -135.20138474411917 -85.52615446579738 -135.20138484363898 -85.52615450584709
31: 16.0 18.45 19.04 -135.20138474411917 -85.52615446579738 -135.20138484363898 -85.52615450584709
32: 16.0 18.45 19.04 -135.20138474411917 -85.52615446579738 -135.20138484363898 -85.52615450584709
33: 16.0 18.45 19.04 -135.20138474411917 -85.52615446579738 -135.20138484363898 -85.52615450584709
34: 16.0 18.45 19.04 -135.20138474411917 -85.52615446579738 -135.20138484363898 -85.52615450584709
35: 16.0 7.0 7.25 -135.2013858415311 -85.52615414711633 -135.20138431053778 -85.52615424437911
36: 16.0 7.0 7.25 -135.2013858415311 -85.52615414711633 -135.20138431053778 -85.52615424437911
37: 16.0 7.0 7.25 -135.2013858415311 -85.52615414711633 -135.20138431053778 -85.52615424437911
38: 16.0 7.0 7.25 -135.2013858415311 -85.52615414711633 -135.20138431053778 -85.52615424437911
39: 16.0 7.0 7.25 -135.2013858415311 -85.52615414711633 -135.20138431053778 -85.52615424437911
40: 16.0 7.0 7.25 -135.2013858415311 -85.52615414711633 -135.20138431053778 -85.52615424437911
41: 16.0 7.0 7.25 -135.2013858415311 -85.52615414711633 -135.20138431053778 -85.52615424437911
42: 16.0 7.0 7.25 -135.20138729079196 -85.52615407005626 -135.20138644382448 -85.5261541714076
43: 16.0 7.0 7.25 -135.20138729079196 -85.52615407005626 -135.20138644382448 -85.5261541714076
44: 16.0 7.0 7.25 -135.20138729079196 -85.52615407005626 -135.20138644382448 -85.5261541714076
45: 16.0 7.0 7.25 -135.20138729079196 -85.52615407005626 -135.20138644382448 -85.5261541714076
46: 16.0 7.0 7.25 -135.20138729079196 -85.52615407005626 -135.20138644382448 -85.5261541714076
47: 16.0 7.3 7.55 -135.20138644382448 -85.5261541714076 -135.20138729079196 -85.52615407005626
48: 16.0 7.3 7.55 -135.20138644382448 -85.5261541714076 -135.20138729079196 -85.52615407005626
49: 16.0 7.3 7.55 -135.20138644382448 -85.5261541714076 -135.20138729079196 -85.52615407005626
50: 16.0 7.3 7.55 -135.20138644382448 -85.5261541714076 -135.20138729079196 -85.52615407005626
51: 16.0 7.3 7.55 -135.20138644382448 -85.5261541714076 -135.20138729079196 -85.52615407005626
52: 16.0 12.0 12.2 -135.20138729079196 -85.52615407005626 -135.20138644382448 -85.5261541714076
53: 16.0 12.0 12.2 -135.20138729079196 -85.52615407005626 -135.20138644382448 -85.5261541714076
54: 16.0 12.0 12.2 -135.20138729079196 -85.52615407005626 -135.20138644382448 -85.5261541714076
55: 16.0 12.0 12.2 -135.20138729079196 -85.52615407005626 -135.20138644382448 -85.5261541714076
56: 16.0 12.0 12.2 -135.20138729079196 -85.52615407005626 -135.20138644382448 -85.5261541714076
57: 16.0 12.3 12.55 -135.20138644382448 -85.5261541714076 -135.20138729079196 -85.52615407005626
58: 16.0 12.3 12.55 -135.20138644382448 -85.5261541714076 -135.20138729079196 -85.52615407005626
59: 16.0 12.3 12.55 -135.20138644382448 -85.5261541714076 -135.20138729079196 -85.52615407005626
60: 16.0 12.3 12.55 -135.20138644382448 -85.5261541714076 -135.20138729079196 -85.52615407005626
61: 16.0 12.3 12.55 -135.20138644382448 -85.5261541714076 -135.20138729079196 -85.52615407005626
62: 16.0 7.0 7.25 -135.20138729079196 -85.52615407005626 -135.20138644382448 -85.5261541714076
63: 16.0 7.0 7.25 -135.20138729079196 -85.52615407005626 -135.20138644382448 -85.5261541714076
64: 16.0 7.0 7.25 -135.20138729079196 -85.52615407005626 -135.20138644382448 -85.5261541714076
65: 16.0 7.0 7.25 -135.20138729079196 -85.52615407005626 -135.20138644382448 -85.5261541714076
66: 16.0 7.0 7.25 -135.20138729079196 -85.52615407005626 -135.20138644382448 -85.5261541714076
67: 16.0 7.0 7.25 -135.20138729079196 -85.52615407005626 -135.20138644382448 -85.5261541714076
68: 16.0 7.0 7.25 -135.20138729079196 -85.52615407005626 -135.20138644382448 -85.5261541714076
69: 16.0 7.0 7.25 -135.20138729079196 -85.52615407005626 -135.20138644382448 -85.5261541714076
70: 16.0 12.3 12.55 -135.20138644382448 -85.5261541714076 -135.20138729079196 -85.52615407005626
71: 16.0 12.3 12.55 -135.20138644382448 -85.5261541714076 -135.20138729079196 -85.52615407005626
72: 16.0 12.3 12.55 -135.20138644382448 -85.5261541714076 -135.20138729079196 -85.52615407005626
73: 16.0 12.3 12.55 -135.20138644382448 -85.5261541714076 -135.20138729079196 -85.52615407005626
74: 16.0 12.3 12.55 -135.20138644382448 -85.5261541714076 -135.20138729079196 -85.52615407005626
75: 16.0 12.3 12.55 -135.20138644382448 -85.5261541714076 -135.20138729079196 -85.52615407005626
76: 16.0 12.3 12.55 -135.20138644382448 -85.5261541714076 -135.20138729079196 -85.52615407005626
77: 16.0 12.3 12.55 -135.20138644382448 -85.5261541714076 -135.20138729079196 -85.52615407005626
78: 16.0 13.1 13.25 -135.20137346665683 -85.52615459623576 -135.20137342285022 -85.52615462870929
79: 16.0 13.1 13.25 -135.20137346665683 -85.52615459623576 -135.20137342285022 -85.52615462870929
80: 16.0 13.1 13.25 -135.20137346665683 -85.52615459623576 -135.20137342285022 -85.52615462870929
81: 16.0 13.1 13.25 -135.20137346665683 -85.52615459623576 -135.20137342285022 -85.52615462870929
82: 16.0 13.1 13.25 -135.20137346665683 -85.52615459623576 -135.20137342285022 -85.52615462870929
83: 16.0 13.1 13.25 -135.20137346665683 -85.52615459623576 -135.20137342285022 -85.52615462870929
84: 16.0 13.1 13.25 -135.20137346665683 -85.52615459623576 -135.20137342285022 -85.52615462870929
85: 16.0 13.1 13.25 -135.20137346665683 -85.52615459623576 -135.20137342285022 -85.52615462870929
86: 16.0 13.1 13.25 -135.20137346665683 -85.52615459623576 -135.20137342285022 -85.52615462870929
87: 16.0 13.1 13.25 -135.20137346665683 -85.52615459623576 -135.20137342285022 -85.52615462870929
88: 16.0 13.1 13.25 -135.20137346665683 -85.52615459623576 -135.20137342285022 -85.52615462870929
89: 16.0 13.1 13.25 -135.20137346665683 -85.52615459623576 -135.20137342285022 -85.52615462870929
90: 16.0 13.1 13.25 -135.20137346665683 -85.52615459623576 -135.20137342285022 -85.52615462870929
91: 16.0 13.1 13.25 -135.20137346665683 -85.52615459623576 -135.20137342285022 -85.52615462870929
92: 16.0 13.1 13.25 -135.20137346665683 -85.52615459623576 -135.20137342285022 -85.52615462870929
93: 16.0 13.1 13.25 -135.20137346665683 -85.52615459623576 -135.20137342285022 -85.52615462870929
94: 16.0 13.1 13.25 -135.20137346665683 -85.52615459623576 -135.20137342285022 -85.52615462870929
95: 16.0 13.1 13.25 -135.20137346665683 -85.52615459623576 -135.20137342285022 -85.52615462870929
96: 16.0 13.1 13.25 -135.20137346665683 -85.52615459623576 -135.20137342285022 -85.52615462870929
97: 16.0 13.1 13.25 -135.20137346665683 -85.52615459623576 -135.20137342285022 -85.52615462870929
98: 16.0 13.1 13.25 -135.20137346665683 -85.52615459623576 -135.20137342285022 -85.52615462870929
99: 16.0 13.1 13.25 -135.20137346665683 -85.52615459623576 -135.20137342285022 -85.52615462870929
100: 16.0 13.1 13.25 -135.20137346665683 -85.52615459623576 -135.20137342285022 -85.52615462870929
101: 16.0 13.1 13.25 -135.20137346665683 -85.52615459623576 -135.20137342285022 -85.52615462870929
102: 16.0 13.1 13.25 -135.20137346665683 -85.52615459623576 -135.20137342285022 -85.52615462870929
103: 16.0 13.1 13.25 -135.20137346665683 -85.52615459623576 -135.20137342285022 -85.52615462870929
104: 16.0 13.1 13.25 -135.20137346665683 -85.52615459623576 -135.20137342285022 -85.52615462870929
105: 16.0 17.3 17.45 -135.20137342285022 -85.52615462870929 -135.20137346665683 -85.52615459623576
106: 16.0 17.3 17.45 -135.20137342285022 -85.52615462870929 -135.20137346665683 -85.52615459623576
107: 16.0 17.3 17.45 -135.20137342285022 -85.52615462870929 -135.20137346665683 -85.52615459623576
108: 16.0 17.3 17.45 -135.20137342285022 -85.52615462870929 -135.20137346665683 -85.52615459623576
109: 16.0 17.3 17.45 -135.20137342285022 -85.52615462870929 -135.20137346665683 -85.52615459623576
110: 16.0 17.3 17.45 -135.20137342285022 -85.52615462870929 -135.20137346665683 -85.52615459623576
111: 16.0 17.3 17.45 -135.20137342285022 -85.52615462870929 -135.20137346665683 -85.52615459623576
112: 16.0 17.3 17.45 -135.20137342285022 -85.52615462870929 -135.20137346665683 -85.52615459623576
113: 16.0 17.3 17.45 -135.20137342285022 -85.52615462870929 -135.20137346665683 -85.52615459623576
114: 16.0 17.3 17.45 -135.20137342285022 -85.52615462870929 -135.20137346665683 -85.52615459623576
115: 16.0 17.3 17.45 -135.20137342285022 -85.52615462870929 -135.20137346665683 -85.52615459623576
116: 16.0 17.3 17.45 -135.20137342285022 -85.52615462870929 -135.20137346665683 -85.52615459623576
117: 16.0 17.3 17.45 -135.20137342285022 -85.52615462870929 -135.20137346665683 -85.52615459623576
118: 16.0 6.3 7.05 -135.2013728466088 -85.52615391930883 -135.2013746723576 -85.5261539012234
119: 16.0 6.3 7.05 -135.2013728466088 -85.52615391930883 -135.2013746723576 -85.5261539012234
120: 16.0 6.3 7.05 -135.2013728466088 -85.52615391930883 -135.2013746723576 -85.5261539012234
121: 16.0 12.2 13.0 -135.2013746723576 -85.5261539012234 -135.2013728466088 -85.52615391930883
122: 16.0 12.2 13.0 -135.2013746723576 -85.5261539012234 -135.2013728466088 -85.52615391930883
123: 16.0 12.2 13.0 -135.2013746723576 -85.5261539012234 -135.2013728466088 -85.52615391930883
124: 16.0 18.0 18.3 -135.20137175220512 -85.5261537538514 -135.20137322457126 -85.52615381314608
125: 16.0 18.0 18.3 -135.20137175220512 -85.5261537538514 -135.20137322457126 -85.52615381314608
126: 16.0 18.0 18.3 -135.20137175220512 -85.5261537538514 -135.20137322457126 -85.52615381314608
127: 16.0 18.0 18.3 -135.20137175220512 -85.5261537538514 -135.20137322457126 -85.52615381314608
128: 16.0 18.2 18.35 -135.20136654643466 -85.52615386778072 -135.2013662396437 -85.52615393036696
129: 16.0 18.2 18.35 -135.20136654643466 -85.52615386778072 -135.2013662396437 -85.52615393036696
130: 16.0 18.2 18.35 -135.20136654643466 -85.52615386778072 -135.2013662396437 -85.52615393036696
131: 16.0 18.2 18.35 -135.20136654643466 -85.52615386778072 -135.2013662396437 -85.52615393036696
132: 16.0 18.2 18.35 -135.20136654643466 -85.52615386778072 -135.2013662396437 -85.52615393036696
133: 16.0 18.2 18.35 -135.20136654643466 -85.52615386778072 -135.2013662396437 -85.52615393036696
134: 16.0 6.45 7.05 -135.20135936274932 -85.52615414986273 -135.20136096020622 -85.52615418099325
135: 16.0 6.45 7.05 -135.20135936274932 -85.52615414986273 -135.20136096020622 -85.52615418099325
136: 16.0 6.45 7.05 -135.20135936274932 -85.52615414986273 -135.20136096020622 -85.52615418099325
137: 16.0 6.45 7.05 -135.20135936274932 -85.52615414986273 -135.20136096020622 -85.52615418099325
138: 16.0 17.3 18.05 -135.20136096020622 -85.52615418099325 -135.20135936274932 -85.52615414986273
139: 16.0 17.3 18.05 -135.20136096020622 -85.52615418099325 -135.20135936274932 -85.52615414986273
140: 16.0 17.3 18.05 -135.20136096020622 -85.52615418099325 -135.20135936274932 -85.52615414986273
141: 16.0 17.3 18.05 -135.20136096020622 -85.52615418099325 -135.20135936274932 -85.52615414986273
142: 16.0 7.0 7.15 -135.20135505368336 -85.52615345252006 -135.20135505484095 -85.52615350066172
143: 16.0 7.0 7.15 -135.20135505368336 -85.52615345252006 -135.20135505484095 -85.52615350066172
144: 16.0 7.0 7.15 -135.20135505368336 -85.52615345252006 -135.20135505484095 -85.52615350066172
145: 16.0 7.0 7.15 -135.20135505368336 -85.52615345252006 -135.20135505484095 -85.52615350066172
146: 16.0 7.0 7.15 -135.20135505368336 -85.52615345252006 -135.20135505484095 -85.52615350066172
147: 16.0 7.0 7.15 -135.20135505368336 -85.52615345252006 -135.20135505484095 -85.52615350066172
148: 16.0 7.0 7.15 -135.20135505368336 -85.52615345252006 -135.20135505484095 -85.52615350066172
149: 16.0 7.0 7.15 -135.20135505368336 -85.52615345252006 -135.20135505484095 -85.52615350066172
150: 16.0 7.0 7.15 -135.20135505368336 -85.52615345252006 -135.20135505484095 -85.52615350066172
151: 16.0 7.0 7.15 -135.20135505368336 -85.52615345252006 -135.20135505484095 -85.52615350066172
152: 16.0 7.0 7.15 -135.20135505368336 -85.52615345252006 -135.20135505484095 -85.52615350066172
153: 16.0 7.0 7.15 -135.20135505368336 -85.52615345252006 -135.20135505484095 -85.52615350066172
154: 16.0 7.0 7.15 -135.20135505368336 -85.52615345252006 -135.20135505484095 -85.52615350066172
155: 16.0 7.0 7.15 -135.20135505368336 -85.52615345252006 -135.20135505484095 -85.52615350066172
156: 16.0 7.0 7.15 -135.20135505368336 -85.52615345252006 -135.20135505484095 -85.52615350066172
157: 16.0 7.0 7.15 -135.20135505368336 -85.52615345252006 -135.20135505484095 -85.52615350066172
158: 16.0 7.0 7.15 -135.20135505368336 -85.52615345252006 -135.20135505484095 -85.52615350066172
159: 16.0 16.0 16.5 -135.20137196911898 -85.52615287803158 -135.20137429539074 -85.5261529557567
160: 16.0 16.0 16.5 -135.20137196911898 -85.52615287803158 -135.20137429539074 -85.5261529557567
161: 16.0 16.0 16.5 -135.20137196911898 -85.52615287803158 -135.20137429539074 -85.5261529557567
162: 16.0 16.0 16.5 -135.20137196911898 -85.52615287803158 -135.20137429539074 -85.5261529557567
163: 16.0 16.0 16.5 -135.20137196911898 -85.52615287803158 -135.20137429539074 -85.5261529557567
164: 16.0 17.3 17.5 -135.20137371781811 -85.52615339853789 -135.2013744560875 -85.52615334376847
165: 16.0 17.3 17.5 -135.20137371781811 -85.52615339853789 -135.2013744560875 -85.52615334376847
166: 16.0 17.3 17.5 -135.20137371781811 -85.52615339853789 -135.2013744560875 -85.52615334376847
167: 16.0 17.3 17.5 -135.20137371781811 -85.52615339853789 -135.2013744560875 -85.52615334376847
168: 16.0 18.15 18.3 -135.20137256056478 -85.52615331424238 -135.20137367758588 -85.52615331441586
169: 16.0 18.15 18.3 -135.20137256056478 -85.52615331424238 -135.20137367758588 -85.52615331441586
170: 16.0 21.3 21.45 -135.20137367758588 -85.52615331441586 -135.20137256056478 -85.52615331424238
171: 16.0 21.3 21.45 -135.20137367758588 -85.52615331441586 -135.20137256056478 -85.52615331424238
172: 16.0 16.3 17.0 -135.2013698851742 -85.52615324466649 -135.20136881075854 -85.52615327614147
173: 16.0 16.3 17.0 -135.2013698851742 -85.52615324466649 -135.20136881075854 -85.52615327614147
174: 16.0 16.3 17.0 -135.2013698851742 -85.52615324466649 -135.20136881075854 -85.52615327614147
175: 16.0 16.3 17.0 -135.2013698851742 -85.52615324466649 -135.20136881075854 -85.52615327614147
176: 16.0 6.5 7.1 -135.20136702606163 -85.52615326776156 -135.20136618751948 -85.52615321977748
177: 16.0 6.5 7.1 -135.20136702606163 -85.52615326776156 -135.20136618751948 -85.52615321977748
178: 16.0 6.5 7.1 -135.20136702606163 -85.52615326776156 -135.20136618751948 -85.52615321977748
179: 16.0 7.3 8.15 -135.20138614977571 -85.5261519162497 -135.20138691677658 -85.52615195241293
180: 16.0 7.3 8.15 -135.20138614977571 -85.5261519162497 -135.20138691677658 -85.52615195241293
181: 16.0 7.3 8.15 -135.20138614977571 -85.5261519162497 -135.20138691677658 -85.52615195241293
182: 16.0 7.3 8.15 -135.20138614977571 -85.5261519162497 -135.20138691677658 -85.52615195241293
183: 16.0 7.3 8.15 -135.20138614977571 -85.5261519162497 -135.20138691677658 -85.52615195241293
184: 16.0 16.0 16.3 -135.20138691677658 -85.52615195241293 -135.20138614977571 -85.5261519162497
185: 16.0 16.0 16.3 -135.20138691677658 -85.52615195241293 -135.20138614977571 -85.5261519162497
186: 16.0 16.0 16.3 -135.20138691677658 -85.52615195241293 -135.20138614977571 -85.5261519162497
187: 16.0 16.0 16.3 -135.20138691677658 -85.52615195241293 -135.20138614977571 -85.5261519162497
188: 16.0 16.0 16.3 -135.20138691677658 -85.52615195241293 -135.20138614977571 -85.5261519162497
189: 16.0 18.2 18.45 -135.20138678618667 -85.52615170440322 -135.20138603027524 -85.52615160277568
190: 16.0 18.2 18.45 -135.20138678618667 -85.52615170440322 -135.20138603027524 -85.52615160277568
191: 16.0 18.2 18.45 -135.20138678618667 -85.52615170440322 -135.20138603027524 -85.52615160277568
192: 16.0 18.2 18.45 -135.20138678618667 -85.52615170440322 -135.20138603027524 -85.52615160277568
193: 16.0 18.2 18.45 -135.20138678618667 -85.52615170440322 -135.20138603027524 -85.52615160277568
194: 16.0 18.2 18.45 -135.20138678618667 -85.52615170440322 -135.20138603027524 -85.52615160277568
195: 16.0 18.2 18.45 -135.20138678618667 -85.52615170440322 -135.20138603027524 -85.52615160277568
196: 16.0 18.2 18.45 -135.20138678618667 -85.52615170440322 -135.20138603027524 -85.52615160277568
197: 16.0 18.2 18.45 -135.20138678618667 -85.52615170440322 -135.20138603027524 -85.52615160277568
198: 16.0 18.2 18.45 -135.20138678618667 -85.52615170440322 -135.20138603027524 -85.52615160277568
199: 16.0 18.2 18.45 -135.20138678618667 -85.52615170440322 -135.20138603027524 -85.52615160277568
200: 16.0 18.2 18.45 -135.20138678618667 -85.52615170440322 -135.20138603027524 -85.52615160277568
201: 16.0 18.2 18.45 -135.20138678618667 -85.52615170440322 -135.20138603027524 -85.52615160277568
202: 16.0 18.2 18.45 -135.20138678618667 -85.52615170440322 -135.20138603027524 -85.52615160277568
203: 16.0 18.2 18.45 -135.20138678618667 -85.52615170440322 -135.20138603027524 -85.52615160277568
204: 16.0 18.2 18.45 -135.20138678618667 -85.52615170440322 -135.20138603027524 -85.52615160277568
205: 16.0 18.2 18.45 -135.20138678618667 -85.52615170440322 -135.20138603027524 -85.52615160277568
206: 16.0 18.2 18.45 -135.20138678618667 -85.52615170440322 -135.20138603027524 -85.52615160277568
207: 16.0 18.2 18.45 -135.20138678618667 -85.52615170440322 -135.20138603027524 -85.52615160277568
208: 16.0 18.2 18.45 -135.20138678618667 -85.52615170440322 -135.20138603027524 -85.52615160277568
209: 16.0 18.2 18.45 -135.20138678618667 -85.52615170440322 -135.20138603027524 -85.52615160277568
210: 16.0 18.2 18.45 -135.20138678618667 -85.52615170440322 -135.20138603027524 -85.52615160277568
211: 16.0 18.2 18.45 -135.20138678618667 -85.52615170440322 -135.20138603027524 -85.52615160277568
212: 16.0 18.2 18.45 -135.20138678618667 -85.52615170440322 -135.20138603027524 -85.52615160277568
213: 16.0 6.35 7.0 -135.20137037684114 -85.52615434969695 -135.20137011670514 -85.52615420119689
214: 16.0 18.0 18.45 -135.20133935527264 -85.52615370611497 -135.20134195874624 -85.52615359692943
215: 16.0 18.0 18.45 -135.20133935527264 -85.52615370611497 -135.20134195874624 -85.52615359692943
216: 16.0 18.0 18.45 -135.20133935527264 -85.52615370611497 -135.20134195874624 -85.52615359692943
217: 16.0 18.0 18.45 -135.20133935527264 -85.52615370611497 -135.20134195874624 -85.52615359692943
218: 16.0 18.0 18.45 -135.20133935527264 -85.52615370611497 -135.20134195874624 -85.52615359692943
219: 16.0 18.0 18.45 -135.20133935527264 -85.52615370611497 -135.20134195874624 -85.52615359692943
220: 16.0 18.0 18.45 -135.20133935527264 -85.52615370611497 -135.20134195874624 -85.52615359692943
221: 16.0 18.0 18.45 -135.20133935527264 -85.52615370611497 -135.20134195874624 -85.52615359692943
222: 16.0 18.0 18.45 -135.20133935527264 -85.52615370611497 -135.20134195874624 -85.52615359692943
223: 16.0 18.0 18.45 -135.20133935527264 -85.52615370611497 -135.20134195874624 -85.52615359692943
224: 16.0 18.0 18.45 -135.20133935527264 -85.52615370611497 -135.20134195874624 -85.52615359692943
225: 16.0 18.0 18.45 -135.20133935527264 -85.52615370611497 -135.20134195874624 -85.52615359692943
226: 16.0 18.2 19.0 -135.20132983701407 -85.52615390733206 -135.20132830498866 -85.52615386740419
227: 16.0 18.2 19.0 -135.20132983701407 -85.52615390733206 -135.20132830498866 -85.52615386740419
228: 16.0 18.2 19.0 -135.20132983701407 -85.52615390733206 -135.20132830498866 -85.52615386740419
229: 16.0 18.2 19.0 -135.20132983701407 -85.52615390733206 -135.20132830498866 -85.52615386740419
230: 16.0 18.2 19.0 -135.20132983701407 -85.52615390733206 -135.20132830498866 -85.52615386740419
231: 16.0 18.2 19.0 -135.20132983701407 -85.52615390733206 -135.20132830498866 -85.52615386740419
232: 16.0 18.2 19.0 -135.20132983701407 -85.52615390733206 -135.20132830498866 -85.52615386740419
233: 16.0 18.2 19.0 -135.20132983701407 -85.52615390733206 -135.20132830498866 -85.52615386740419
234: 16.0 7.0 7.35 -135.20136739038176 -85.526152153165 -135.20137004766806 -85.52615210063156
235: 16.0 7.0 7.35 -135.20136739038176 -85.526152153165 -135.20137004766806 -85.52615210063156
236: 16.0 7.0 7.35 -135.20136739038176 -85.526152153165 -135.20137004766806 -85.52615210063156
237: 16.0 7.0 7.35 -135.20136739038176 -85.526152153165 -135.20137004766806 -85.52615210063156
238: 16.0 7.0 7.35 -135.20136739038176 -85.526152153165 -135.20137004766806 -85.52615210063156
239: 16.0 7.0 7.35 -135.20136739038176 -85.526152153165 -135.20137004766806 -85.52615210063156
240: 16.0 7.0 7.35 -135.20136739038176 -85.526152153165 -135.20137004766806 -85.52615210063156
241: 16.0 14.0 14.3 -135.20137004766806 -85.52615210063156 -135.20136739038176 -85.526152153165
242: 16.0 14.0 14.3 -135.20137004766806 -85.52615210063156 -135.20136739038176 -85.526152153165
243: 16.0 14.0 14.3 -135.20137004766806 -85.52615210063156 -135.20136739038176 -85.526152153165
244: 16.0 14.0 14.3 -135.20137004766806 -85.52615210063156 -135.20136739038176 -85.526152153165
245: 16.0 14.0 14.3 -135.20137004766806 -85.52615210063156 -135.20136739038176 -85.526152153165
246: 16.0 14.0 14.3 -135.20137004766806 -85.52615210063156 -135.20136739038176 -85.526152153165
247: 16.0 14.0 14.3 -135.20137004766806 -85.52615210063156 -135.20136739038176 -85.526152153165
248: 16.0 12.4 13.0 -135.20139624897578 -85.52615346019604 -135.20139693597667 -85.52615348924402
249: 16.0 12.4 13.0 -135.20139624897578 -85.52615346019604 -135.20139693597667 -85.52615348924402
250: 16.0 12.4 13.0 -135.20139624897578 -85.52615346019604 -135.20139693597667 -85.52615348924402
251: 16.0 12.4 13.0 -135.20139624897578 -85.52615346019604 -135.20139693597667 -85.52615348924402
252: 16.0 5.0 5.2 -135.20139607010745 -85.52615399457164 -135.20139747467815 -85.52615394899728
253: 16.0 5.0 5.2 -135.20139607010745 -85.52615399457164 -135.20139747467815 -85.52615394899728
254: 16.0 5.0 5.2 -135.20139607010745 -85.52615399457164 -135.20139747467815 -85.52615394899728
255: 16.0 5.0 5.2 -135.20139607010745 -85.52615399457164 -135.20139747467815 -85.52615394899728
256: 16.0 5.0 5.2 -135.20139607010745 -85.52615399457164 -135.20139747467815 -85.52615394899728
257: 16.0 5.0 5.2 -135.20139607010745 -85.52615399457164 -135.20139747467815 -85.52615394899728
258: 16.0 5.0 5.2 -135.20139607010745 -85.52615399457164 -135.20139747467815 -85.52615394899728
259: 16.0 5.0 5.2 -135.20139607010745 -85.52615399457164 -135.20139747467815 -85.52615394899728
260: 16.0 5.0 5.2 -135.20139607010745 -85.52615399457164 -135.20139747467815 -85.52615394899728
261: 16.0 6.5 7.4 -135.20139613930252 -85.52615395268725 -135.20139568211187 -85.52615368609011
